dataType: efficiencyMap
dataId: mT2-120-SF
observedN: 5
expectedBG: 8.9
bgError: 2.1
upperLimit: 0.282883469346*fb
expectedUpperLimit: 0.391891957942*fb
