dataType: efficiencyMap
dataId: mT2-120-SF
observedN: 5
expectedBG: 8.9
bgError: 2.1
upperLimit: 0.279978275945*fb
expectedUpperLimit: 0.393011201048*fb
