dataType: efficiencyMap
dataId: mT2-120-SF
observedN: 5
expectedBG: 8.9
bgError: 2.1
upperLimit: 0.275628788055*fb
expectedUpperLimit: 0.387967326506*fb
