dataType: efficiencyMap
dataId: 3NJet6_1000HT1250_600MHTinf
observedN: 32
expectedBG: 22.8
bgError: 5.2
upperLimit: 1.21276875653*fb
expectedUpperLimit: 0.742789142205*fb
