dataType: efficiencyMap
dataId: 6NJet8_800HT1000_300MHT450
observedN: 35
expectedBG: 28.6
bgError: 6.9
upperLimit: 1.21831853412*fb
expectedUpperLimit: 0.912699811589*fb
