dataType: efficiencyMap
dataId: 3NJet6_800HT1000_200MHT300
observedN: 808
expectedBG: 777
bgError: 107
upperLimit: 12.2452030706*fb
expectedUpperLimit: 11.1378702394*fb
