dataType: efficiencyMap
dataId: 3NJet6_800HT1000_200MHT300
observedN: 808
expectedBG: 777
bgError: 107
upperLimit: 12.3037047752*fb
expectedUpperLimit: 11.2142564313*fb
