dataType: efficiencyMap
dataId: 3NJet6_800HT1000_200MHT300
observedN: 808
expectedBG: 777
bgError: 107
upperLimit: 12.279649985*fb
expectedUpperLimit: 11.1094385935*fb
