dataType: efficiencyMap
dataId: 6NJet8_1500HTinf_300MHTinf
observedN: 3
expectedBG: 7.9
bgError: 3.6
upperLimit: 0.285658649986*fb
expectedUpperLimit: 0.459535116566*fb
