dataType: efficiencyMap
dataId: el250Nb3
observedN: 4
expectedBG: 1.9
bgError: 0.98
upperLimit: 0.393941313192*fb
expectedUpperLimit: 0.211440471264*fb
