dataType: efficiencyMap
dataId: 3NJet6_1000HT1250_300MHT450
observedN: 129
expectedBG: 137
bgError: 20
upperLimit: 2.10031297298*fb
expectedUpperLimit: 2.41074923718*fb
