dataType: efficiencyMap
dataId: el450Nb2
observedN: 0
expectedBG: 0
bgError: 0.44
upperLimit: 0.155545987506*fb
expectedUpperLimit: 0.155545987506*fb
