dataType: efficiencyMap
dataId: el450Nb2
observedN: 0
expectedBG: 0
bgError: 0.44
upperLimit: 0.154986512595*fb
expectedUpperLimit: 0.154986512595*fb
