dataType: efficiencyMap
dataId: M3
observedN: 1776
expectedBG: 1770
bgError: 81
upperLimit: 9.02841310849*fb
expectedUpperLimit: 8.77836580898*fb
