dataType: efficiencyMap
dataId: M2
observedN: 8606
expectedBG: 8620
bgError: 270
upperLimit: 27.110118089*fb
expectedUpperLimit: 27.5360861567*fb
