dataType: efficiencyMap
dataId: C1
observedN: 208
expectedBG: 210
bgError: 21
upperLimit: 2.43972882465*fb
expectedUpperLimit: 2.51777979069*fb
