dataType: efficiencyMap
dataId: mT2-150-SF
observedN: 3
expectedBG: 3.2
bgError: 0.7
upperLimit: 0.267710547337*fb
expectedUpperLimit: 0.267138864001*fb
