dataType: efficiencyMap
dataId: MET2_HT1_nb3
observedN: 161
expectedBG: 157
bgError: 13
upperLimit: 2.05954710749*fb
expectedUpperLimit: 1.89777532244*fb
