dataType: efficiencyMap
dataId: MET2_HT1_nb3
observedN: 161
expectedBG: 157
bgError: 13
upperLimit: 2.04515412378*fb
expectedUpperLimit: 1.88362696908*fb
