dataType: efficiencyMap
dataId: MET2_HT1_nb3
observedN: 161
expectedBG: 157
bgError: 13
upperLimit: 2.02895177595*fb
expectedUpperLimit: 1.90071503464*fb
