dataType: efficiencyMap
dataId: 6NJet8_800HT1000_200MHT300
observedN: 111
expectedBG: 124
bgError: 29
upperLimit: 2.75927405382*fb
expectedUpperLimit: 3.17197720146*fb
