dataType: efficiencyMap
dataId: MET_100
observedN: 7
expectedBG: 7.7
bgError: 1.9
upperLimit: 0.386656485124*fb
expectedUpperLimit: 0.388301164504*fb
