dataType: efficiencyMap
dataId: 8NJetinf_500HT800_200MHTinf
observedN: 8
expectedBG: 4.8
bgError: 2.1
upperLimit: 0.548640045445*fb
expectedUpperLimit: 0.333586026768*fb
