dataId: c000
dataType: efficiencyMap
observedN: 42
expectedBG: 44.0
bgError: 9.0
upperLimit: 1.14847356111*fb
expectedUpperLimit: 1.22754862757*fb
