dataType: efficiencyMap
dataId: mCT250
observedN: 4
expectedBG: 8.2
bgError: 1.9
upperLimit: 0.258030460752*fb
expectedUpperLimit: 0.403206149592*fb
