dataType: efficiencyMap
dataId: mT2-150-DF
observedN: 2
expectedBG: 1.0
bgError: 0.5
upperLimit: 0.270743524483*fb
expectedUpperLimit: 0.207319345113*fb
