dataType: efficiencyMap
dataId: mT2-150-DF
observedN: 2
expectedBG: 1.0
bgError: 0.5
upperLimit: 0.270226155627*fb
expectedUpperLimit: 0.207498928932*fb
