dataType: efficiencyMap
dataId: 3NJet6_500HT800_300MHT450
observedN: 2305
expectedBG: 2278
bgError: 266
upperLimit: 28.2042256064*fb
expectedUpperLimit: 26.9774451704*fb
