dataType: efficiencyMap
dataId: SRA-mCT250
observedN: 14
expectedBG: 15.8
bgError: 2.8
upperLimit: 0.478376920865*fb
expectedUpperLimit: 0.518028793259*fb
