dataType: efficiencyMap
dataId: MET_150
observedN: 3
expectedBG: 3.8
bgError: 1.0
upperLimit: 0.275198212105*fb
expectedUpperLimit: 0.269808156651*fb
