dataType: efficiencyMap
dataId: 3NJet6_1250HT1500_200MHT300
observedN: 98
expectedBG: 109
bgError: 18
upperLimit: 1.76017864113*fb
expectedUpperLimit: 2.1423701631*fb
