dataType: efficiencyMap
dataId: SRA1
observedN: 11
expectedBG: 15.8
bgError: 1.9
upperLimit: 0.348722661335*fb
expectedUpperLimit: 0.489699631337*fb
