dataType: efficiencyMap
dataId: SRA1
observedN: 11
expectedBG: 15.8
bgError: 1.9
upperLimit: 0.343475581368*fb
expectedUpperLimit: 0.478523890522*fb
