dataType: efficiencyMap
dataId: pTmiss350_Nb2
observedN: 15
expectedBG: 8.6
bgError: 7.1
upperLimit: 0.908487314714*fb
expectedUpperLimit: 0.557053202006*fb
