dataType: efficiencyMap
dataId: MET2_HT3_nb3
observedN: 18
expectedBG: 23.2
bgError: 3.8
upperLimit: 0.505224599964*fb
expectedUpperLimit: 0.688508744592*fb
