dataType: efficiencyMap
dataId: SRC3
observedN: 15
expectedBG: 20.3
bgError: 3.0
upperLimit: 0.419753753599*fb
expectedUpperLimit: 0.593229010978*fb
