dataType: efficiencyMap
dataId: SRC3
observedN: 15
expectedBG: 20.3
bgError: 3.0
upperLimit: 0.428624088106*fb
expectedUpperLimit: 0.587231330384*fb
