dataType: efficiencyMap
dataId: SRC3
observedN: 15
expectedBG: 20.3
bgError: 3.0
upperLimit: 0.427886534306*fb
expectedUpperLimit: 0.596388225288*fb
