dataType: efficiencyMap
dataId: M1
observedN: 33054
expectedBG: 33450
bgError: 960
upperLimit: 82.6655155716*fb
expectedUpperLimit: 94.1522041623*fb
