dataType: efficiencyMap
dataId: M1
observedN: 33054
expectedBG: 33450
bgError: 960
upperLimit: 82.4760493318*fb
expectedUpperLimit: 94.3899694321*fb
