dataId: c100
dataType: efficiencyMap
observedN: 7
expectedBG: 5.6
bgError: 1.1
upperLimit: 0.441848594002*fb
expectedUpperLimit: 0.337732150817*fb
