dataType: efficiencyMap
dataId: 6NJet8_1250HT1500_450MHTinf
observedN: 2
expectedBG: 0.5
bgError: 0.4
upperLimit: 0.298956323981*fb
expectedUpperLimit: 0.15453981878*fb
