dataType: efficiencyMap
dataId: 6NJet8_1000HT1250_450MHTinf
observedN: 4
expectedBG: 2.2
bgError: 3.8
upperLimit: 0.377951639779*fb
expectedUpperLimit: 0.265603571106*fb
