dataType: efficiencyMap
dataId: 6NJet8_1000HT1250_450MHTinf
observedN: 4
expectedBG: 2.2
bgError: 1.1
upperLimit: 0.376852168139*fb
expectedUpperLimit: 0.256384603601*fb
