dataType: efficiencyMap
dataId: mCT150
observedN: 19
expectedBG: 30
bgError: 6
upperLimit: 0.509667186026*fb
expectedUpperLimit: 0.839901828539*fb
