dataType: efficiencyMap
dataId: mT2-90-SF
observedN: 33
expectedBG: 38.2
bgError: 5.1
upperLimit: 0.660718815803*fb
expectedUpperLimit: 0.834974984166*fb
