dataType: efficiencyMap
dataId: mT2-90-SF
observedN: 21
expectedBG: 23.3
bgError: 3.7
upperLimit: 0.567174869318*fb
expectedUpperLimit: 0.662599636208*fb
