dataType: efficiencyMap
dataId: mT2-90-SF
observedN: 33
expectedBG: 38.2
bgError: 5.1
upperLimit: 0.664901330809*fb
expectedUpperLimit: 0.834382631989*fb
