dataType: efficiencyMap
dataId: mT2-90-SF
observedN: 21
expectedBG: 23.3
bgError: 3.7
upperLimit: 0.573933501318*fb
expectedUpperLimit: 0.653754827591*fb
