dataType: efficiencyMap
dataId: 3NJet6_800HT1000_300MHT450
observedN: 305
expectedBG: 330
bgError: 40
upperLimit: 3.60111951557*fb
expectedUpperLimit: 4.49490089926*fb
