dataType: efficiencyMap
dataId: 3NJet6_500HT800_450MHT600
observedN: 454
expectedBG: 418
bgError: 66
upperLimit: 8.36098061877*fb
expectedUpperLimit: 6.92613758255*fb
