dataType: efficiencyMap
dataId: 3NJet6_500HT800_450MHT600
observedN: 454
expectedBG: 418
bgError: 66
upperLimit: 8.34287323701*fb
expectedUpperLimit: 7.00981553948*fb
