dataType: efficiencyMap
dataId: mu450Nb3
observedN: 0
expectedBG: 0
bgError: 0.22
upperLimit: 0.153418732299*fb
expectedUpperLimit: 0.153418732299*fb
