dataType: efficiencyMap
dataId: 6NJet8_1000HT1250_300MHT450
observedN: 20
expectedBG: 21.6
bgError: 5.8
upperLimit: 0.741865676836*fb
expectedUpperLimit: 0.781983083022*fb
