dataType: efficiencyMap
dataId: SR5j
observedN: 121
expectedBG: 126
bgError: 13
upperLimit: 1.55453432768*fb
expectedUpperLimit: 1.73818016087*fb
