dataType: efficiencyMap
dataId: SR5j
observedN: 121
expectedBG: 126
bgError: 13
upperLimit: 1.53729119542*fb
expectedUpperLimit: 1.71869109029*fb
