dataType: efficiencyMap
dataId: SR5j
observedN: 121
expectedBG: 126
bgError: 13
upperLimit: 1.56027911488*fb
expectedUpperLimit: 1.71117445728*fb
