dataType: efficiencyMap
dataId: 6NJet8_800HT1000_450MHTinf
observedN: 4
expectedBG: 6.0
bgError: 2.8
upperLimit: 0.331606632515*fb
expectedUpperLimit: 0.426760006243*fb
