dataType: efficiencyMap
dataId: 6NJet8_800HT1000_450MHTinf
observedN: 4
expectedBG: 6.0
bgError: 2.8
upperLimit: 0.329289433459*fb
expectedUpperLimit: 0.427981566175*fb
