dataType: efficiencyMap
dataId: MET2_HT4_nb3
observedN: 14
expectedBG: 12.3
bgError: 2.7
upperLimit: 0.602737282162*fb
expectedUpperLimit: 0.511385392854*fb
