dataType: efficiencyMap
dataId: MET2_HT4_nb3
observedN: 14
expectedBG: 12.3
bgError: 2.7
upperLimit: 0.606940871954*fb
expectedUpperLimit: 0.512647335705*fb
