dataType: efficiencyMap
dataId: MET2_HT4_nb3
observedN: 14
expectedBG: 12.3
bgError: 2.7
upperLimit: 0.604887966663*fb
expectedUpperLimit: 0.505163367531*fb
