dataType: efficiencyMap
dataId: MET2_HT4_nb3
observedN: 14
expectedBG: 12.3
bgError: 2.7
upperLimit: 0.603385507689*fb
expectedUpperLimit: 0.512518073787*fb
