dataType: efficiencyMap
dataId: 8NJetinf_1250HT1500_200MHTinf
observedN: 5
expectedBG: 3.3
bgError: 1.7
upperLimit: 0.416111292863*fb
expectedUpperLimit: 0.305785966729*fb
