dataType: efficiencyMap
dataId: 3NJet6_1500HTinf_300MHTinf
observedN: 39
expectedBG: 29.7
bgError: 5.8
upperLimit: 1.27801483119*fb
expectedUpperLimit: 0.847134621204*fb
