dataType: efficiencyMap
dataId: 3NJet6_1500HTinf_300MHTinf
observedN: 39
expectedBG: 29.7
bgError: 5.8
upperLimit: 1.29500015302*fb
expectedUpperLimit: 0.837976453403*fb
