dataType: efficiencyMap
dataId: 3NJet6_800HT1000_450MHT600
observedN: 124
expectedBG: 108
bgError: 15
upperLimit: 2.57015618237*fb
expectedUpperLimit: 1.90848031619*fb
