dataType: efficiencyMap
dataId: 3NJet6_800HT1000_450MHT600
observedN: 124
expectedBG: 108
bgError: 15
upperLimit: 2.56228315506*fb
expectedUpperLimit: 1.87198064266*fb
