dataId: ar15
dataType: efficiencyMap
observedN: 12
expectedBG: 10.7
bgError: 1.7728508115461943
upperLimit: 0.268709*fb
expectedUpperLimit: 0.244503*fb
aggregated: SR2HcX
