dataType: efficiencyMap
dataId: 6NJet8_500HT800_300MHT450
observedN: 62
expectedBG: 52
bgError: 12
upperLimit: 1.87601232248*fb
expectedUpperLimit: 1.46158394867*fb
