dataType: efficiencyMap
dataId: 6NJet8_500HT800_300MHT450
observedN: 62
expectedBG: 52
bgError: 12
upperLimit: 1.87543530259*fb
expectedUpperLimit: 1.4669411235*fb
