dataType: efficiencyMap
dataId: 8NJetinf_1000HT1250_200MHTinf
observedN: 8
expectedBG: 5.6
bgError: 2.3
upperLimit: 0.526202472103*fb
expectedUpperLimit: 0.372589987367*fb
