dataType: efficiencyMap
dataId: mu350Nb3
observedN: 0
expectedBG: 0.6
bgError: 0.58
upperLimit: 0.153558567052*fb
expectedUpperLimit: 0.154539234563*fb
