dataType: efficiencyMap
dataId: mu350Nb3
observedN: 0
expectedBG: 0.6
bgError: 0.58
upperLimit: 0.154833466897*fb
expectedUpperLimit: 0.155643606271*fb
