dataType: efficiencyMap
dataId: mu350Nb3
observedN: 0
expectedBG: 0.6
bgError: 0.58
upperLimit: 0.155142713282*fb
expectedUpperLimit: 0.154202857728*fb
