dataType: efficiencyMap
dataId: mT2-90-DF
observedN: 21
expectedBG: 23.3
bgError: 3.7
upperLimit: 0.574797082311*fb
expectedUpperLimit: 0.645694270374*fb
