dataType: efficiencyMap
dataId: mT2-90-DF
observedN: 21
expectedBG: 23.3
bgError: 3.7
upperLimit: 0.574972765002*fb
expectedUpperLimit: 0.647989309302*fb
