dataType: efficiencyMap
dataId: 8NJetinf_800HT1000_200MHTinf
observedN: 9
expectedBG: 8.3
bgError: 3.3
upperLimit: 0.52779375389*fb
expectedUpperLimit: 0.48219506711*fb
