dataType: efficiencyMap
dataId: 8NJetinf_800HT1000_200MHTinf
observedN: 9
expectedBG: 8.3
bgError: 3.3
upperLimit: 0.532983703601*fb
expectedUpperLimit: 0.48829339343*fb
