dataId: c200
dataType: efficiencyMap
observedN: 0
expectedBG: 0.56
bgError: 0.11
upperLimit: 0.15994302661*fb
expectedUpperLimit: 0.159495607415*fb
