dataType: efficiencyMap
dataId: MET3_HT2_nb3
observedN: 36
expectedBG: 32.1
bgError: 4.3
upperLimit: 0.965115147134*fb
expectedUpperLimit: 0.787866124807*fb
