dataType: efficiencyMap
dataId: mCT200
observedN: 11
expectedBG: 16
bgError: 3
upperLimit: 0.382863312769*fb
expectedUpperLimit: 0.552771489253*fb
