dataType: efficiencyMap
dataId: mCT200
observedN: 11
expectedBG: 16
bgError: 3
upperLimit: 0.373347610783*fb
expectedUpperLimit: 0.561532903463*fb
