dataType: efficiencyMap
dataId: mCT200
observedN: 11
expectedBG: 16
bgError: 3
upperLimit: 0.376328740685*fb
expectedUpperLimit: 0.561705086706*fb
