dataType: efficiencyMap
dataId: 6NJet8_500HT800_200MHT300
observedN: 266
expectedBG: 290
bgError: 65
upperLimit: 5.93429073273*fb
expectedUpperLimit: 6.75220136973*fb
