dataType: efficiencyMap
dataId: 6NJet8_500HT800_200MHT300
observedN: 266
expectedBG: 290
bgError: 65
upperLimit: 6.00165348298*fb
expectedUpperLimit: 6.78040147806*fb
