dataType: efficiencyMap
dataId: mu250Nb2
observedN: 9
expectedBG: 6
bgError: 2.37
upperLimit: 0.57849642681*fb
expectedUpperLimit: 0.415467881572*fb
