dataType: efficiencyMap
dataId: mu250Nb2
observedN: 9
expectedBG: 6
bgError: 2.37
upperLimit: 0.573996763868*fb
expectedUpperLimit: 0.416181113521*fb
