dataType: efficiencyMap
dataId: mu250Nb2
observedN: 9
expectedBG: 6
bgError: 2.37
upperLimit: 0.571069182047*fb
expectedUpperLimit: 0.41800941012*fb
