dataType: efficiencyMap
dataId: mu250Nb2
observedN: 9
expectedBG: 6
bgError: 2.37
upperLimit: 0.571605072277*fb
expectedUpperLimit: 0.415975585282*fb
