dataType: efficiencyMap
dataId: 3NJet6_1000HT1250_450MHT600
observedN: 34
expectedBG: 32.3
bgError: 6.1
upperLimit: 0.972603609668*fb
expectedUpperLimit: 0.89029902901*fb
