dataType: efficiencyMap
dataId: sr0
observedN: 1
expectedBG: 1.2
bgError: 1.04861813831
upperLimit: 0.215849904215*fb
expectedUpperLimit: 0.214459777897*fb
