dataType: efficiencyMap
dataId: 3NJet6_1250HT1500_300MHT450
observedN: 38
expectedBG: 42.8
bgError: 9.5
upperLimit: 1.04047268077*fb
expectedUpperLimit: 1.18587990893*fb
