dataType: efficiencyMap
dataId: mu250Nb3
observedN: 0
expectedBG: 1.9
bgError: 0.89
upperLimit: 0.150920038137*fb
expectedUpperLimit: 0.208703081091*fb
