dataType: efficiencyMap
dataId: mu350Nb2
observedN: 2
expectedBG: 1.4
bgError: 1.17
upperLimit: 0.273282977997*fb
expectedUpperLimit: 0.216285611386*fb
