dataType: efficiencyMap
dataId: mu350Nb2
observedN: 2
expectedBG: 1.4
bgError: 1.17
upperLimit: 0.276207602662*fb
expectedUpperLimit: 0.214829947125*fb
