dataType: efficiencyMap
dataId: 3NJet6_500HT800_200MHT300
observedN: 6159
expectedBG: 6088
bgError: 665
upperLimit: 69.814735389*fb
expectedUpperLimit: 66.4021699384*fb
