dataType: efficiencyMap
dataId: 3NJet6_500HT800_200MHT300
observedN: 6159
expectedBG: 6088
bgError: 665
upperLimit: 70.7243925175*fb
expectedUpperLimit: 66.3753468308*fb
