dataType: efficiencyMap
dataId: 3NJet6_1500HTinf_200MHT300
observedN: 94
expectedBG: 86
bgError: 17
upperLimit: 2.29360621854*fb
expectedUpperLimit: 1.96877610197*fb
