dataType: efficiencyMap
dataId: el350Nb2
observedN: 2
expectedBG: 2.7
bgError: 2.06
upperLimit: 0.261845608077*fb
expectedUpperLimit: 0.255414814048*fb
