dataType: efficiencyMap
dataId: 3NJet6_1250HT1500_450MHTinf
observedN: 23
expectedBG: 17.6
bgError: 4.1
upperLimit: 0.918087667076*fb
expectedUpperLimit: 0.638719007461*fb
