dataType: efficiencyMap
dataId: 3NJet6_1250HT1500_450MHTinf
observedN: 23
expectedBG: 17.6
bgError: 4.1
upperLimit: 0.911587951931*fb
expectedUpperLimit: 0.632813083798*fb
