dataType: efficiencyMap
dataId: MET3_HT1_nb3
observedN: 15
expectedBG: 15.5
bgError: 3.0
upperLimit: 0.557238161609*fb
expectedUpperLimit: 0.554952621104*fb
