dataType: efficiencyMap
dataId: el250Nb2
observedN: 9
expectedBG: 3.8
bgError: 1.89
upperLimit: 0.646309650005*fb
expectedUpperLimit: 0.300537917612*fb
