dataType: efficiencyMap
dataId: SR4jl-
observedN: 2169
expectedBG: 2120
bgError: 110
upperLimit: 13.2297580965*fb
expectedUpperLimit: 11.5629082143*fb
