dataType: efficiencyMap
dataId: SR4jl-
observedN: 2169
expectedBG: 2120
bgError: 110
upperLimit: 13.2965708698*fb
expectedUpperLimit: 11.4971282303*fb
