dataType: efficiencyMap
dataId: SR4jl-
observedN: 2169
expectedBG: 2120
bgError: 110
upperLimit: 13.2045826312*fb
expectedUpperLimit: 11.6089354239*fb
