dataType: efficiencyMap
dataId: SR2jl
observedN: 12315
expectedBG: 13000
bgError: 1000
upperLimit: 77.5054625256*fb
expectedUpperLimit: 97.3935217124*fb
