dataType: efficiencyMap
dataId: SR2jl
observedN: 12315
expectedBG: 13000
bgError: 1000
upperLimit: 80.5344855796*fb
expectedUpperLimit: 97.792330694*fb
