dataType: efficiencyMap
dataId: SR2jl
observedN: 12315
expectedBG: 13000
bgError: 1000
upperLimit: 77.2449206806*fb
expectedUpperLimit: 97.2233111642*fb
