dataType: efficiencyMap
dataId: SR2jl
observedN: 12315
expectedBG: 13000
bgError: 1000
upperLimit: 76.2931814385*fb
expectedUpperLimit: 97.8028055564*fb
