dataType: efficiencyMap
dataId: 6NJet8_1000HT1250_200MHT300
observedN: 67
expectedBG: 70
bgError: 67
upperLimit: 3.34954607778*fb
expectedUpperLimit: 3.51526389168*fb
