dataType: efficiencyMap
dataId: 6NJet8_1000HT1250_200MHT300
observedN: 67
expectedBG: 70
bgError: 16
upperLimit: 1.76075106267*fb
expectedUpperLimit: 1.8632415889*fb
