dataType: efficiencyMap
dataId: 6NJet8_1000HT1250_200MHT300
observedN: 67
expectedBG: 70
bgError: 67
upperLimit: 3.37143683401*fb
expectedUpperLimit: 3.51559384305*fb
