dataType: efficiencyMap
dataId: MET2_HT2_nb3
observedN: 182
expectedBG: 179
bgError: 13
upperLimit: 2.05030476938*fb
expectedUpperLimit: 1.94717969275*fb
