dataType: efficiencyMap
dataId: MET2_HT2_nb3
observedN: 182
expectedBG: 179
bgError: 13
upperLimit: 2.05950749733*fb
expectedUpperLimit: 1.94677591996*fb
